0 0.173438 0.293750 0.087500 0.143750
0 0.443750 0.216406 0.059375 0.101563
0 0.494531 0.368750 0.070312 0.137500
0 0.646094 0.151563 0.051562 0.084375
0 0.818750 0.289844 0.062500 0.123438
0 0.903906 0.203906 0.060937 0.089062
0 0.940625 0.142188 0.043750 0.075000
0 0.890625 0.106250 0.037500 0.078125
0 0.948438 0.089063 0.028125 0.059375
0 0.642969 0.153125 0.057813 0.081250
0 0.605469 0.081250 0.020312 0.065625
0 0.815625 0.095313 0.021875 0.053125
0 0.782031 0.050781 0.023438 0.051562
0 0.756250 0.046875 0.028125 0.056250
0 0.715625 0.034375 0.021875 0.046875
0 0.696094 0.019531 0.023438 0.032813
1 0.518750 0.033594 0.018750 0.035938
0 0.578906 0.015625 0.026562 0.031250
0 0.608594 0.021094 0.014062 0.042188
